Skill level;TPE;newTPE;oldTPECost;newTPECost
4;0;0;0;0
5;0;0;0;0
6;1;1;1;1
7;2;2;1;1
8;4;3;2;1
9;6;4;2;1
10;11;6;5;2
11;16;8;5;2
12;24;13;8;5
13;32;18;8;5
14;47;30;15;12
15;62;42;15;12
16;87;67;25;25
17;112;97;25;30
18;152;137;40;40
19;192;187;40;50
20;232;242;40;55
